6.54436472536,12.573062144,14.2360675619,-0.410403057364,9.08262151936,10.38413587,15.9302940009,6.475939849,10.2844745951,17.19037596,16.37959716,7.52311784545,8.4297565945,13.9031992318,15.5757090865,2.9447267402,9.2012557687,11.215604134,14.649194987,10.6769061412,8.8271744103,13.588730533,15.828955317,13.9544414904
6.00265040964,12.88654774,15.5594096782,3.20585378455,4.98314037082,13.0387669045,16.1804160427,5.95533542055,10.078554877,14.9041076455,15.9335875591,8.23645846973,10.303387662,14.780517538,15.851825172,6.230212525,5.3054842436,13.584706817,15.285625007,12.7259223916,7.461976411,14.338461506,15.098875026,13.365939269
10.926781636,11.0441962696,14.73477352,5.82034479982,9.10798822027,15.1368360073,14.6935471582,7.49152957736,10.8214545171,13.4310987227,14.4783350118,5.98972916327,10.8484588992,9.35349823473,14.4702667164,1.6506404028,6.6885568518,13.781424664,15.768939247,9.5517523534,5.2593644184,11.557323527,14.016910223,14.948671899
8.46999368282,13.1159538859,8.04094012618,1.59320904136,9.46305633709,13.3355307929,14.1173401936,6.34025536055,15.0205683355,17.685842939,15.605573101,10.4056131955,10.0956349641,13.5681480887,11.9776241476,1.4275133673,11.4933502026,11.5312928007,15.546068024,8.7984569156,12.3908695685,16.591874711,16.804397624,13.070570577
20.9919872254,23.5079318523,11.4643702214,-2.70321585954,13.1568060935,13.1826999,13.0366168318,1.0562402865,9.56752763275,12.65157971,15.3296364075,13.4686147345,20.7527188798,23.3723915858,18.9475721162,0.179111848583,7.40643649875,14.2996230283,14.2772119758,10.2230983786,3.33133616617,13.9776135133,14.9573361425,17.5006969042
8.15146685285,20.2107954485,16.8309811627,1.67912160108,0.414199411692,13.40775432,12.6173687847,11.5692556068,1.91519376438,8.886207822,11.0408163605,9.72335752815,7.76733333477,20.0371098146,18.8265939292,5.12701288523,1.59021364562,13.6619128769,13.2671537054,11.2991650788,3.62059581875,7.39912870508,8.72167708725,10.0458745299
14.1143810514,17.1162191021,3.48734150807,3.90205994121,12.8720328857,11.5604103164,8.57676575107,-1.86438287379,8.70887944,11.2007621954,14.35028543,9.46437901862,14.28774558,16.1115224308,6.53060574038,2.27083207254,14.4022129923,11.73406712,9.67779298208,4.29564756223,4.63107706577,10.3401378045,12.84393611,12.7041863914
5.77497311592,18.4492582954,18.0650533262,-0.545956190769,3.424745315,13.6926375631,11.6086877,11.3840352272,0.612279548846,10.2661220058,14.0106147085,15.0880845258,4.78914793492,18.0578504569,19.5453291454,6.94013656054,1.76180798523,14.4491219915,12.0198483562,12.9839887258,1.90202655969,11.5407843731,14.3850607275,15.5333933867
19.3274052586,19.7622795143,0.479331846,13.6157228721,14.9794408107,14.4816374804,1.96566483829,12.8175711886,18.7176910457,22.1969560793,21.8019594171,13.1500423232,21.0958191971,20.6498381131,0.098566279,14.7179688682,16.25580544,17.2239855673,2.30539558638,13.9402285623,17.1110559131,21.6738693062,26.3209305585,21.2717085877
19.1918575643,22.2083908014,5.24685505307,6.46869380643,16.550855335,19.6879582807,-0.279968539286,12.9118492121,18.27411618,21.29391676,21.9291170023,11.9397152868,18.2508779777,21.7408897877,6.38856610162,3.28623643323,15.8840046231,16.5293557546,8.094384875,3.50999307046,14.6956340638,17.8795563254,20.0851672508,18.7114912469
19.0844783592,20.1475316715,6.81322456,6.99958592938,15.0676742208,17.3888359554,1.46721907485,11.7742548478,16.5067941023,19.7052932631,21.3560839738,17.92804765,19.5759328292,20.8022826775,7.634029772,7.58429960142,15.6002381425,19.42943567,5.67482544742,8.40473416667,14.69497901,20.1311772642,23.7241307325,22.2279994208
19.1688203669,21.1345608862,6.98851710146,13.1445993396,16.1204206923,16.2041212285,1.21470184425,15.9823640075,21.1553989242,24.7004164542,22.7382132358,17.1851477947,17.6400450367,18.2504456442,11.1786182935,5.077879995,14.9003604492,15.4431187667,3.15184586458,7.27724846975,17.5774931475,21.8289888508,22.2105477092,19.5564453183
17.2304528893,18.1105630123,11.7932821985,4.81271790358,12.9514926583,11.5827479892,13.33955681,8.54307070967,6.95018354708,7.36065471433,11.6807517478,17.3880392243,16.0080365854,21.3121055917,19.3085890417,7.992515124,14.8512537702,14.08897764,13.9262458925,13.8503282911,9.909092721,9.32094415392,11.1486968552,17.0922015158
15.7659987754,18.5140562431,14.5228127168,-2.39861701392,9.9258273955,9.94434274992,10.2029231542,9.11092788692,6.37123808917,6.454132171,10.6476708042,15.3958426858,18.5274118475,20.91168064,19.8258308675,8.125310356,7.3807442805,11.6165929308,10.6849988665,9.0604736805,9.21047419467,8.897814103,10.738570682,14.1936289958
15.2473038825,17.3376692308,14.9536331294,-0.564649401083,6.50505183367,12.6987628892,12.9404482808,12.2844954543,8.05310928958,7.41071138725,11.4571634403,14.0234626174,16.6775501425,19.94563653,18.1134656273,4.33679231991,9.424149213,15.20655601,12.60568155,16.0116189682,9.77540293945,9.18332680473,10.3633962528,13.2867067018
12.3325631998,16.426202435,16.4360149983,5.87405347608,9.21775607292,13.9483527475,12.8445814409,11.9392898855,8.49858040545,7.88342682009,10.0726136555,13.1437643706,14.4228536135,19.7097024018,21.2953360882,14.5845465622,7.54363902536,14.7419831709,14.5589704627,14.4114568109,12.4868086264,9.75916496064,10.4195894944,11.1610523737
11.3744013161,13.6213655221,15.0207841293,9.39122600779,9.07282199736,14.2179962829,15.6387313479,15.8368362107,11.1530483766,15.0506177554,19.3214119085,11.3274874428,12.5955832904,14.2476050092,15.9981680246,9.77116983931,3.38630104354,15.7225186923,14.7029933385,16.7148929854,6.721388127,11.8603265462,17.6611818908,19.8780478569
6.20328454564,13.2386977586,17.6138478407,15.7585546816,2.03991480164,16.1991329521,15.5925779271,13.9123173218,8.00298236336,14.0979916557,19.56499842,17.0952201186,6.74181541229,13.0688869014,17.761308285,18.2501818729,4.782487023,14.7421018209,15.696106495,16.9314454986,9.73972779815,12.8957789392,19.6447147138,19.6105014238
3.05179561729,12.849826901,16.1183108229,3.21462479581,15.2900141481,12.745283042,7.31196916965,13.4574915865,12.9009457105,11.8903629947,14.893799541,13.840835824,4.82949177075,11.8124027229,16.0957555305,7.4655407604,13.7309209277,14.6168827125,8.44364307885,12.7736835985,10.3813341692,11.3545808017,13.4223503655,14.256744027
8.27526630038,15.1981938562,19.1017560977,8.83617598931,4.68473226838,14.7938470208,14.3885637515,15.3612686156,9.63423920269,14.2855316423,20.0437681569,10.4523395408,11.2718484453,16.1407413715,20.8044349492,11.8062859458,6.7436198325,15.0350402167,14.3732345858,18.4200684175,11.2029186908,13.24999739,17.1835854525,21.9534539275
3.236997317,21.9108960515,20.5745727869,-4.63544022992,4.19302968285,12.3392596046,10.6728554797,-2.27537433083,-7.32236596692,13.6716997467,19.3267614467,16.9356698047,1.2450375555,20.8962715292,21.9491580333,3.54039122758,-6.12511826808,14.046798735,11.6045190075,7.76420820632,-11.4423961387,5.5240938855,16.8150057192,20.300929445
1.173858596,20.2429607115,21.7273211177,6.87765511246,-7.57776141554,14.7145788631,12.70585503,4.00086854015,-12.3806184492,11.3544121457,19.5390476192,16.6386928408,1.81238193338,20.1468373823,22.0788345962,5.70271869615,-8.41933335483,14.7592264083,13.1536309033,7.07195293958,-8.67608478133,0.158599493333,17.5101067967,19.9603791233
-0.263571682846,20.9563260046,21.6637587731,-0.289047987308,-2.69334624477,15.3809041838,11.8881444338,-1.13098200285,-4.49902422915,13.5580360892,18.1339674031,13.0442978459,0.928535339231,21.0445458246,21.5468500908,-1.53744045683,-4.55434800875,15.9463417708,12.783406465,4.89880854633,-11.515602911,10.1136858956,16.2225087867,17.1083030317
12.0844732961,19.8522681033,18.6314368317,-6.22048284992,2.23230286525,13.5447287167,12.527457287,-1.0047683505,1.0442956,15.0018496792,18.1891594617,4.83944227425,17.2207335066,20.4627426355,18.4982653945,-4.55136124845,-3.03600035136,14.9099090091,12.7927276527,8.23937348991,-8.43639938336,10.7649220379,16.2044264127,17.3975081036
11.987408208,12.448275449,4.101293482,5.0456675418,7.5473247422,11.78776692,5.1006099214,5.7287805195,6.6210627466,8.7726115123,11.940499877,10.7106956414,13.166035028,13.622911578,4.9591505558,7.72210594478,9.60482215789,11.9895623857,8.91073976311,6.180274812,8.08063519711,9.51218284189,10.5800521179,11.8548957111
13.43811752,13.3223238422,5.93614005778,1.02483864789,11.7462410006,9.54301085456,14.5068532933,6.72138943544,8.15706703889,8.80458144656,9.50529710533,9.89933337256,11.9688127764,11.6414864078,9.82344222678,-5.31825696844,8.29760552378,7.493099465,11.2254434027,9.58800483156,4.73158170878,6.76302732022,7.36000692311,8.59987982756
12.261442411,14.189261645,4.4354125036,8.9832028856,8.836354417,13.4957768749,6.9310564837,7.2939231652,9.7103196956,10.64040617,11.9204219848,11.9939778062,11.2142487767,12.575848684,6.0012237382,2.5951904401,8.288690485,10.3869306804,8.0645862469,4.6400667261,6.6703786298,9.5114245027,11.0594160538,13.3154990467
12.4934406955,13.0085458944,-2.59092487227,6.82090226627,7.90113241809,12.7740777987,5.37689379364,7.31158763364,10.1496910163,11.164338246,13.0322779427,10.9131015354,10.4807054163,11.4753345583,-5.9865763059,2.7953101839,6.1139725574,10.3391981709,6.9533103842,4.9821526102,6.0430958089,8.7006395435,11.4440898289,13.380428169
10.4017333059,17.6335196167,19.4387305908,4.65280795642,12.8607396188,17.1508098575,18.9500313608,14.7142060608,17.5315656825,21.9888175133,20.1141088117,20.3721670883,6.74374958733,17.1961006708,20.2359351417,5.61006043142,6.08481827708,17.1388701592,17.7514672367,11.6977405331,14.5449440358,20.6827458817,21.247932625,21.4498844258
11.5654426463,21.3552857783,20.5682819875,5.06300640958,13.8186425333,16.9589017383,17.6891399717,17.8748079942,18.7510453633,21.4146904092,19.7824861892,14.9154053814,5.51615184983,22.3366810775,22.5997676183,0.94742905125,9.60397961467,14.9337412208,17.0730168322,13.2632651296,16.5695769617,21.5846649408,23.0141777482,16.8817886982
20.5436908418,23.9272766764,14.7881309728,9.34749333973,15.62418654,17.2236340645,13.5355169621,14.5524572806,17.991940492,20.915273653,22.109090161,11.4064492653,20.276978482,24.335836189,16.8379878484,-0.1873292194,13.198523996,14.421357685,14.033262191,5.6495708929,14.772332003,17.702455615,23.491833106,21.916221357
12.8934825466,24.6790988492,16.7650767987,2.44867252842,14.5193689183,18.5974751025,7.97215944733,14.2311782696,19.4189541175,23.4204013925,22.160211935,11.871860714,15.5761274343,24.1260343267,17.4142979273,8.41904335327,16.0854986064,20.2786314873,15.9456498475,13.400875033,17.3293234391,21.2583622109,21.2487235664,20.4210741464
11.4696773315,18.4610795018,15.8253901055,7.93851509218,14.6411043745,14.1786227245,9.71811950109,6.333893654,12.3622727218,14.5613559836,13.104838159,8.7741597503,13.1034271666,16.993988596,15.335054449,8.2430144284,13.310594799,13.835432559,12.0257317868,6.8608807016,9.7245378799,12.465826507,14.464637212,11.6723467865
3.20448814018,16.5743533127,14.8775142082,6.40175237864,11.8179434831,13.8892800418,11.5562753179,4.12401729309,11.4415120201,15.0006482545,14.1051865755,10.1909183367,1.82162909045,17.5424215991,16.49421684,6.31669058927,12.0890795165,15.0539428318,12.00517014,6.1541405648,7.0950555293,14.800603059,15.523035495,13.627919207
12.300420064,18.1116040864,15.5768564245,7.951206768,14.6864297655,14.1650999709,9.29381998409,6.65946617555,12.5153532818,14.72563914,13.239589738,8.984413747,12.7549852902,16.98234945,15.478814718,8.2700848168,13.227380232,13.865291526,12.0544655688,7.0450413599,9.5064874661,12.496258141,14.39576834,11.7933487547
3.86264528909,16.6900537527,14.7653510618,6.07682038636,12.1248222039,13.9611252664,11.2792422365,3.87557617173,11.9491925843,15.0115122218,14.12159506,9.56659531955,0.536956316091,16.7416482036,17.1973742418,8.70641762645,9.68427540545,14.8743204164,12.7758476866,6.91772307364,7.39918015582,14.9848132545,15.29587889,12.7955308664
19.7640719715,17.2966150277,6.852262272,7.00959614377,12.4787513215,13.0826933783,10.8038525857,11.3103001425,12.27447976,13.3578917817,16.0672333867,13.4418529866,18.7765712842,18.5815759492,8.5834554565,0.206527735583,11.6532827867,11.32806127,11.475072352,8.84939678508,10.6088871233,11.5024976092,14.3042291125,16.523443845
13.0199617172,21.5662125933,20.6437480183,9.7052246095,6.00203393182,12.7077315627,11.8452404945,10.4888462457,10.4234799314,10.9238637464,12.5090423045,13.3801774663,9.62219794891,21.0632053882,21.3090732727,12.286877135,0.897600143455,9.85863944127,11.4573864764,10.930220449,7.58840752064,8.66221650091,10.81208942,12.5427553
14.0864648299,19.2471701758,17.0515001883,3.67593191858,7.3315088905,11.1778351792,11.4749554764,7.50691805233,11.931752875,13.5335771325,16.0029243225,13.7388496584,12.4532548543,18.7297687283,16.0449728308,1.22131457133,5.179441391,10.101274879,10.5533798959,6.792356225,9.60101237955,11.8894144964,13.7130536591,16.6573276918
17.3617950608,17.8723007858,11.1622652188,3.58953309375,11.1355188084,10.9890342433,12.2636109746,5.99310334892,12.1618886633,13.2781604533,17.0642532042,12.2900847972,16.1690234192,17.648687245,10.6125221446,0.00240875033333,9.53522008583,10.3175546637,11.9901761845,2.36210662345,10.571695819,11.4736351345,15.5224916864,16.9379140173
19.7005008917,20.8502405567,17.8492093209,8.05302377591,15.5133844291,16.2537155709,16.5782927827,15.3610622255,16.3963121491,17.8420192,20.5631805736,19.8696923597,14.9764231908,18.72767586,18.1684540536,11.7014973733,10.7684645353,12.5370132491,14.0518766209,13.86600994,14.1476798145,14.4113068891,18.5103691509,19.7816396064
19.2345811925,20.238731015,18.655527505,7.02879032442,13.7883707588,17.0359341858,18.582666435,12.8469553117,14.9103676467,19.1851956767,22.9575013058,16.273888053,15.9455709664,18.6302197636,18.6704114645,8.33127988791,12.166473582,14.6782532836,15.9816766064,15.8525654718,13.2751704764,15.6337547427,21.0334974291,18.8225019864
18.9557929882,19.2782923773,20.1369443973,13.0581423479,9.02697982545,16.7480137145,16.6928332855,14.9841161345,14.6954516464,15.9137276845,18.8028269136,16.6862789109,15.8300376009,17.8194336655,20.7826300727,13.5898765789,8.38278265345,14.0990560873,14.2580514655,14.322674435,13.617279782,14.239839851,17.676678663,16.305706618
19.3232159136,19.9439941555,21.0144192718,15.2549684936,10.4878474642,17.1632591682,16.6524152455,16.5975579673,16.593570159,17.097533106,21.075352422,19.0584091648,17.991703386,17.553333584,21.764177684,20.467823819,9.7964174765,14.502415774,14.1910005,16.418273325,15.996231997,16.184043098,17.747408113,21.338714067
5.43435433067,15.970641044,11.7704884187,-5.09600046447,10.8151134986,12.0882731667,8.63797627043,-1.50645962129,11.0199994306,15.1242777443,13.2506899663,6.99744743643,6.70730266057,15.1111732657,16.0987441721,2.85632249671,8.78527949664,14.6247977557,12.3134056196,3.08380531457,10.9157461539,15.6820536136,14.9773754093,9.81107605857
4.72322699833,16.7795034313,16.057121784,1.4047678066,9.0966217458,15.011553614,12.6275417481,1.41871262187,14.2233610973,16.6010729007,14.4102299779,8.231818782,2.46973389814,16.95086995,16.55974579,-1.89444907136,1.96109197664,12.83573633,12.5823041079,1.45828207357,5.22858078743,13.0599692029,17.0712233929,12.3754886171
4.69893781673,17.947186446,15.7983230989,-6.47750618014,6.47182647314,12.1402929086,12.7634329904,2.86834218764,6.08040613993,15.4383078457,15.6106184779,11.3659843612,6.16892564243,17.0534142879,17.8307628657,4.73363430014,4.15163362171,15.5380211529,14.4412409371,9.48155645093,4.8315690815,15.652502735,15.9247946029,13.6122479878
3.9611964562,17.2713799667,15.8247209622,-6.2314851054,6.20051973873,12.1489673987,12.1801261614,-0.785731678333,4.10948360453,15.158010308,16.1551408593,8.31266101714,8.04412722657,18.155593655,16.3096599479,0.405379245857,6.20531807471,15.6125591714,13.9220365186,7.97159871407,-0.0350887735714,14.9439758321,16.8129252693,12.9943761049
