14.515987285,10.2184567514,12.7307297288,7.9237348795,2.43805608437,1.38396248762,10.088288589,12.9079824762,11.6909853975,16.6356676838,15.3268843013,16.0147247575,11.3081167893,10.905832844,12.7206729557,6.60551491386,1.80479631957,-1.00229543086,2.51075746614,13.9168722714,10.6759603554,10.7295972226,17.3872745029,15.5542612829
15.0388662256,12.2415566111,12.34011604,10.8767536236,4.83217904412,1.16927507313,7.53295951325,11.3277293066,7.13118639813,12.6140392414,15.05421112,11.8511108723,16.6614561812,12.0831268074,12.3413391975,12.0454461663,6.82096464938,1.07810794775,0.03723955825,10.0814714401,6.87867079312,6.71902460375,13.9777020312,15.5564410425
15.6161142244,12.8847984211,12.5468731256,6.43754556356,0.564586147889,2.41065425167,11.4841204006,9.17811535578,11.6798515233,16.9473345978,16.12458255,11.0312504722,16.1530268011,12.9210556067,12.5549857344,8.07371054,2.96934217044,4.67247095689,12.1726581841,11.5771613475,11.1301693682,15.9170889838,15.2476948488,13.0755266287
8.39024371873,14.1239238335,13.1076959327,11.7838857964,8.59242839655,1.93175158518,8.89171069809,9.90725364555,11.2082682955,15.9628078782,12.9606119808,9.1786421464,7.4071310407,14.0196938353,13.516562667,12.256397784,11.0311360937,5.4636931115,4.413996323,14.448205644,9.8872190848,14.111253915,15.58502241,11.2976978371
21.234046843,20.584276271,18.557246902,18.370931871,9.9934817575,2.4787287058,2.3385909789,13.4400437243,19.176465477,16.9236706578,19.35855714,16.7932622456,20.5202158844,22.1659595167,20.6958182422,21.0936678133,18.6819694522,7.53363493689,5.92244090922,6.28371843467,18.0449694049,20.4870970644,18.2872042133,18.8497253633
15.7236601564,17.934972196,17.987158529,17.501417168,13.9430248815,4.206653961,3.3526939635,8.990692592,17.947476724,14.714584957,13.810143151,12.028766224,13.974869872,15.920855509,17.847831072,18.086760012,17.737129299,9.0422722953,6.1011249638,8.0181517906,17.1707382737,17.442184351,13.504388578,11.1266458943
19.584295335,21.989286068,19.444206291,17.678926423,13.8678188318,4.2554369949,-1.3731077261,5.9891178984,20.05242182,16.40577383,16.216616366,15.203668825,17.284709713,21.800129179,21.98365811,20.414266751,17.132836004,8.7678535666,2.832721768,6.56293400922,21.4181990756,21.0228640267,17.6015030144,18.5435281967
20.85705732,19.5459234489,17.7038629689,18.0412275344,14.4613232267,6.07811282878,2.662594866,5.72566760778,18.6028928389,17.5256012267,16.0843677556,16.4493707611,19.5209870211,19.8679108144,17.3904899289,17.6431571289,15.7708995356,10.3175524379,6.060260625,7.7875158275,17.517171385,20.7093390988,16.0438898338,18.4595100675
21.9958395518,20.9818740073,20.9615392609,12.3297310902,7.1003748495,5.9568334086,17.163782533,19.956490918,17.964415346,17.947865972,19.801330605,19.475753801,22.95966037,22.481948893,22.272014616,17.682375253,7.8636533011,5.5571914764,11.6987027194,19.543261728,19.173154341,16.905615243,19.490440951,24.785310309
20.3509991908,24.6907630483,24.0479699175,18.8241307177,5.59707517991,3.88950795655,6.20627413609,20.0329273318,21.7669654527,20.5611981555,22.7081892627,20.2626060491,21.4336316864,24.4227717745,25.0594031327,23.4170927927,9.92535351136,5.14685092255,5.16272762082,13.835760654,20.7154065273,21.3985335518,21.7074643118,24.7266780109
20.3862732145,23.19482442,23.4482861391,22.3933861891,12.8107092502,5.24419267264,5.80207720755,17.16582383,17.8470012782,19.8830974873,23.0794988373,23.7785971218,22.5528673391,23.4919685645,24.2385212555,25.3046090991,14.7077276419,5.01001120473,5.371736087,16.8293895082,17.0724813282,18.817004456,20.95701069,24.785193849
15.5241125254,22.4522213138,20.3827768985,21.3068796862,10.3736691122,4.35646294354,9.56610710331,16.63055156,16.7762705862,20.7123257823,21.7520670031,11.74601648,9.75950546446,20.9844264015,20.16508458,20.7945172523,13.9870972359,4.81130082892,6.262309339,16.3772784215,17.0859924808,19.3810840815,20.8942519925,11.8435278648
19.049235009,13.948276639,13.226953788,13.156805361,15.32222546,9.3628027002,4.9468522657,8.9138678754,14.307423948,14.888241392,15.923574609,14.859382012,19.545702589,13.007040872,12.261673821,11.836417956,13.075624044,6.7759220404,2.6037003273,4.9393949004,12.7457468456,12.8552710733,13.4100167089,16.52233433
20.0641596489,13.3171476011,13.8671827356,15.0609901533,14.2661068922,10.8142985697,8.19713124478,14.7336182966,15.2649814411,16.46947687,17.2635903833,17.2678372822,18.7221378267,10.8042375923,11.5516967056,13.4227289167,12.19363357,7.26993249375,3.95879813125,9.59701640288,14.8132382688,12.8718525225,15.0028265838,14.8047144725
18.2055211989,12.7556272133,12.4155524631,13.9446324822,15.37067156,11.6466874261,4.38954789689,9.32523719333,12.0454640494,11.5875165633,13.4175701344,15.5717992013,19.9223382733,15.0122162867,14.6621612367,16.10356277,17.9153934712,15.0180237875,9.28627538363,9.68819945025,17.2972996513,13.3681918475,15.1630986087,16.2537221525
15.0386197444,14.5520313611,11.7024383156,10.9370388691,11.3192410711,9.99672406844,4.77419677322,1.932450283,13.354289386,9.93249232533,11.6202170734,14.3252330033,11.3604821437,16.1265276867,13.8687133422,12.5132361989,13.1578462022,12.2837593458,9.89229288011,6.094566999,11.4005552227,13.6261265633,13.1827953444,14.9470706244
15.1495727622,11.2042382556,10.8084115964,12.7082911167,11.8273820773,9.013684369,12.029697231,15.00328284,14.5939686737,15.7669061837,15.9638952762,16.5821124863,15.4738988162,10.4307272444,9.87709756312,10.443457101,11.7387506088,8.27546265775,5.99109473463,12.2029891758,12.12268785,13.8685279138,14.6932025175,15.3391685813
18.5025679,13.94646136,12.5923666544,13.0072819533,13.7012412456,9.39634729122,12.2254155487,14.1711607622,17.0628940767,16.3909699144,18.1528164467,16.4669367833,18.19994202,12.3970578711,11.7053087267,12.1877518922,12.7595604111,8.51334563511,11.319223333,13.2867300487,15.4515659212,16.0434862437,16.8120569025,17.7550084337
18.520593611,13.177343568,12.46178934,13.532500698,9.0721786649,7.4236310636,14.525414113,13.2139506433,14.1636479378,15.6376367267,16.6742321344,16.5311486122,19.4984166144,14.0961658744,13.2669876589,15.0006944144,13.6729022256,9.76008160589,11.9598816154,16.4101047167,15.0595674867,15.9327644467,17.8385097389,18.0878234922
15.5070691846,7.8662158609,8.3229363255,9.9976658622,10.6994197218,7.989209704,10.2296958055,11.5833628222,14.61394987,12.8480858111,14.5741371567,16.9645676067,15.4939480492,8.16915406056,7.82880188789,9.04369825644,10.8161769452,6.06894715444,6.32103643233,10.2580993926,11.9816820133,14.1567667878,13.3740318267,16.1597334933
16.611001332,12.2535226671,10.0674982102,11.9174726699,10.028442753,0.0478096009,-0.7819177135,15.7590782293,16.4127686033,13.9570527733,17.1452086489,14.3067562662,16.2582091111,13.2217192976,10.0251861909,11.2749060313,11.639839819,5.26419215333,-2.182985646,3.51977179933,16.9081510078,16.0776138011,14.2878013778,17.5734486133
18.675072964,14.060682375,13.729167518,13.894788944,8.3362430094,0.444421479,7.4910117664,17.151633973,15.2624348778,16.0140991722,18.4856319156,12.5661462624,19.2100244211,13.9903390956,14.4467436989,12.8902624667,13.59251632,0.694741892444,2.57580910767,12.0372441217,16.6302675622,14.7413757611,16.8727828978,18.2320905333
18.0757614522,12.4488753533,14.1936535911,16.2952053611,10.2651481154,-4.06010839222,0.134804257778,15.1025294449,17.9744363956,14.6239096078,18.1392537089,14.8196020411,18.70214133,12.3255189412,14.1582454322,15.6810834567,13.7447002474,-2.652295323,-1.98198351356,12.1521852593,18.7204927011,14.55789044,17.7489207312,16.3537034125
19.7912636622,14.3599911267,14.6150317413,14.5962030537,14.9120223638,4.07271358962,-1.55143265612,2.07581583225,17.09339659,16.0173437475,16.673910005,17.1989994038,19.0571051,16.66514804,13.9480969813,14.7341392063,14.5670384787,12.7731509206,-1.05115046625,-1.05591451175,8.9955572285,17.4390518812,15.5525256638,18.047941675
12.9267770462,9.99730953275,11.9783451051,9.42892811375,8.29447078757,13.1043075671,12.6616562471,13.2574668043,13.11959701,12.61264551,13.2173689171,14.5683230571,12.9822411666,7.51076446729,8.70611713543,9.03652482886,6.83380198457,7.32113451086,11.0981379681,10.3949494984,10.8925553229,10.44916253,10.821973719,12.0466559736
12.2512934583,7.79855333038,8.61757861,9.12004586288,4.43379818788,5.32454249038,11.9481259689,10.5953570345,11.6912260875,9.70133592425,11.40718774,14.7940398437,13.0412698737,10.0919055781,11.4698521486,11.2354263857,7.67063647186,7.70029199557,12.6158666941,13.9590452886,13.3591315343,14.1100211986,11.9736509243,12.9940557743
11.9774241647,9.717977532,11.6149908565,10.0333673889,7.994088889,13.5387493899,13.0424818913,12.8052139413,12.0571056437,11.1869076187,11.9251529116,13.7364253288,9.87613564438,6.92293476275,9.36124610913,8.52377200375,5.37283319687,10.834425418,10.72406734,10.5131570489,10.0589151676,9.72674434657,9.091995395,11.7001713524
10.8275180124,10.8069274212,10.9229204076,8.45847632038,8.42214445525,10.9231211857,10.1859419539,10.9058881144,10.4399691734,11.1781091646,11.376828543,14.8706397486,14.4115272086,13.2104565571,12.7107084843,11.9852034086,9.56499620471,11.8266081546,13.0420730657,12.6322517557,13.0418812571,12.35864734,13.6314318686,12.0481661114
20.53987255,13.3369753667,11.7547240256,12.72080819,14.7670239978,11.4146142149,16.0493023478,14.3181740744,16.2701894478,19.7745187078,21.9751861312,18.6930267512,18.7939004,12.0060884275,11.087881395,11.3536022763,15.1852381125,12.6127691925,14.0446459738,14.342286565,13.3332948462,15.8971698238,17.5655652462,19.7787891825
13.979535799,10.1358435278,11.4217823511,12.7684956889,8.95365010467,7.50828087778,12.8701552214,11.9328827909,12.9758283967,14.5774130489,17.3214507011,12.7170770113,16.2482696867,11.9132224644,12.0675491522,12.76999153,11.172068289,3.12925619567,10.0968549302,11.8829659233,12.6485517878,13.8902316689,17.9799378256,19.1817857744
18.5032628789,14.6398920944,11.9480781444,15.4059919833,13.5735388221,5.87644079367,11.4397376788,11.8008443833,15.3466654867,15.5683837478,16.5461846,17.3107140222,18.4833988389,14.3858547122,13.7195089756,17.2226448425,13.3164440914,5.06463203863,9.12734975762,13.6821223238,14.8584960187,18.1037613887,20.1050485787,20.0222476413
16.5295088613,11.21726825,11.7214094237,14.3278944213,13.1302097096,9.05846791863,15.9736073388,13.5536695188,17.1808148425,18.721712055,18.8435860186,16.4997225154,14.2575256229,10.4078320644,10.5270508931,12.0422189786,14.6612611029,11.0552119131,11.1521554264,15.2192731986,13.4621092229,15.32337098,15.7034061714,15.3374063029
14.1520010311,17.5646944611,16.5371182222,15.2446510833,7.15076259678,-1.4503535125,2.95765722825,16.2330165562,17.5618358263,17.93608028,16.1121235625,10.789105676,12.8879713737,16.3150950787,15.724919665,14.2755195137,12.8753544587,3.59545708625,1.78247969487,8.559785751,17.1710680512,18.0306871637,17.2624185088,13.2100513976
10.9957913957,13.2704310486,14.2859832057,14.3128192986,5.01361195671,4.13811909586,2.99375939843,7.135576842,16.8524801671,17.2729269343,14.89645823,10.6510687324,8.91621826657,11.6655160041,13.0469079743,12.9191094543,9.55226563471,4.70351935,6.43247583929,3.88051836614,15.2509737457,17.5704510986,15.9923055543,11.644923727
11.3292894981,13.6201314713,14.6786016713,13.7324082638,7.73385727775,4.42813445512,4.88081992463,16.1047660663,19.3374767775,19.136978875,15.527673,8.86873681575,9.71961912362,11.5751427875,12.3462877513,12.151650615,10.31028998,5.22786951375,4.890466906,12.055596964,18.0259711112,18.97527639,16.3755748757,10.7650172043
10.7726414671,13.18423904,14.2736568943,14.3812598157,5.78366685257,3.96858985643,3.17327077743,6.14487298457,16.8832843857,17.3227369371,15.29556741,10.8022846404,8.31844295186,11.5598418516,12.8244907086,12.9395955257,10.8240020261,4.02112699657,6.76013884814,3.52973199629,14.3878372444,17.4500259543,16.3292180814,12.0631139159
19.637741346,20.754463057,21.032647093,21.06590984,13.4918268273,7.2654728772,18.911258241,20.011386294,20.29279905,21.27078923,21.011364419,18.176568307,19.024300791,20.684635998,20.012444321,20.693781822,13.1618017046,3.9424934465,17.2163058794,18.580218205,19.0799416367,21.9531438756,22.4888117333,22.3901927189
20.1444804273,21.7685040964,21.8870672636,22.2030833436,8.597428118,2.9697428547,16.983637738,19.482874715,20.769140977,23.513350758,21.332673653,18.419502591,19.639270228,21.610556152,22.025976328,22.473157839,17.986008266,6.3950059114,9.6959446794,19.511830812,20.389273257,21.547608551,21.18449447,18.521363208
20.3213956764,20.8762349209,21.4201901555,20.471323642,8.4864262536,6.0874414818,18.498723612,20.148510697,20.840311616,21.909977795,20.100297009,17.313339452,19.260216846,20.719894218,20.510705373,21.751391597,13.9175372399,2.8388058329,10.7113300081,19.069229565,19.00471648,22.556535443,22.983308557,20.26469746
20.3672399444,20.36935364,20.1441752789,21.3247024389,22.40460578,8.44383287833,4.902911812,17.2599526886,19.0779831233,19.9021887056,23.0262646944,20.55880699,18.4103922067,20.7163125667,20.4929960689,21.0459945233,21.5341311456,13.3752369664,6.68586916767,15.2700756134,20.2619393344,19.46995603,21.9821522363,21.6637630212
21.2856572833,20.8201755878,20.2906725611,21.6326306789,22.9996146011,20.8962612933,17.0948798222,19.04146522,21.02493383,21.26793586,22.7865096667,19.6381863261,22.7836472633,25.1334103044,22.5679989422,23.0899235956,26.0698581867,22.1300740044,18.1541000344,18.5895342967,23.3935599833,23.79959952,24.2432120087,23.8378135725
22.388001126,23.452586879,22.627620956,22.979815193,23.502821901,19.769586918,12.326639257,21.332713694,25.614510941,24.264262316,24.220304383,18.631823988,19.0035192844,22.3023199467,22.0521673489,21.8928966778,22.0166901078,20.8812312556,13.7064858444,14.2691786644,22.7718568456,22.7444378322,21.6933245789,20.9274537244
18.4245758312,21.9777867925,21.2304447413,21.3771679788,19.1580315613,10.9939674954,6.73144049513,14.6458781356,20.1918969562,19.82640163,14.2166417385,10.9000881254,16.6961555875,20.033724555,18.93057043,18.9528358562,16.8252686062,9.344792072,5.67283547057,9.27561916686,16.7290609457,17.0473109043,15.27444784,10.7342239374
24.722811305,27.7952481775,24.22783057,22.3186702775,22.44967663,18.0062973588,21.5592355413,21.59861439,21.3907780237,21.382606675,19.8876080188,14.710629435,22.6059218325,26.7452937325,23.2693921513,21.3629394325,22.14436939,19.820172885,21.0023604325,20.38025787,20.4986893971,19.9504884314,20.2631574671,18.0871651857
17.600674128,16.576153775,14.818387629,12.4528382555,2.281643169,2.4631766714,11.859005343,17.690527405,18.899591441,18.968462633,16.1215225778,11.4320354208,18.0809729589,16.1500266867,13.98102873,13.3271297556,2.61511946744,-1.341507029,1.90979986567,14.7277617889,16.6947540356,19.7889952944,20.0119902222,17.8007970889
18.2696624922,17.2618586589,15.90794402,12.1322636911,4.56269922867,2.260226875,4.59860908656,15.8484691978,17.6853982644,19.0594271489,17.44519413,11.9097402447,16.8731421472,16.5062801878,17.1018986611,14.3903397378,5.26565772611,-0.247240391889,0.210079617111,11.6557018278,16.4895900811,19.2750638922,19.5289705178,16.34859985
17.967549454,16.537757907,15.333364949,13.022642247,7.173227157,3.954098608,7.7540083144,16.869307458,17.734574046,17.998285158,15.628760974,11.0722712598,14.7254070051,17.472391057,16.822724102,14.408479677,8.6763982544,1.7350555619,2.8125038439,14.2385234761,16.717280844,18.805846074,19.881355885,14.8638155
16.266805082,13.250138676,15.16238193,10.1523559918,0.6480396069,0.6685302435,10.5383197573,16.266452961,18.326979851,19.584195181,15.970878697,10.6535201956,16.960740561,14.885726436,14.494444135,9.64595418689,2.57008158489,1.80279244,9.28966222633,16.3398773156,17.6845804844,18.2280778633,16.4029502156,12.0731959533
