-5.48474943169,10.5175618296,18.6862847277,11.0371488728,15.6384695408,17.1885431315,11.6225706903,14.3605400167,12.2610222367,13.573448615,13.2345475617,13.9646130583,-2.89330625283,7.40500974275,17.6268479817,11.724054842,15.9213193592,17.1550513542,14.4792251358,13.0525887667,13.5592828983,13.302187755,14.9708687775,12.9580390367
16.9272930309,18.2131942145,10.1405035157,14.3641932755,18.1804694755,16.8392205082,12.5570935004,11.7295834165,12.2817511991,14.5451402827,12.9516867082,12.5720545962,14.5569855742,17.6459369709,12.2900578225,13.9143260273,18.0650492064,17.3588369173,13.5430337282,11.2813787194,13.2147165282,14.53048183,13.796113589,13.244153642
15.7915469392,18.2475317667,7.9330119495,17.5002369467,19.0762577375,16.01569746,11.3941923512,16.77738596,13.7234014033,13.3646152742,14.0032529491,11.2947292632,15.3748059009,16.9625077045,8.56096447864,17.6481789355,19.3891701436,16.3099535482,13.5415509895,12.6891744252,16.42460097,13.3544940064,13.4485644245,13.9181951136
16.47691259,19.3669226575,10.1026520119,17.4141556517,18.31482413,14.0389092625,11.5882673291,17.0187021842,14.6799916433,13.1770522858,14.27831708,11.1499237767,14.229075108,17.7140581683,11.3586602621,17.3972274208,17.6799619975,14.2858288583,11.2643356224,17.6369674325,15.6243664767,14.6106085545,13.3090056009,12.3661119091
-6.80855111089,9.35884675842,17.9652645816,13.9609608448,12.5654843347,19.5741803147,18.9431621963,16.9876842595,18.4266051839,18.169958585,19.1616702494,13.8819576548,-9.62087575283,8.60010788078,18.7961074333,17.8201810683,8.94999432944,19.5418895906,20.7021925517,13.3384697964,20.0362557156,16.8382712617,21.0342529628,18.7347525678
-6.69855532656,13.8299121979,19.2912092233,5.9190048395,19.0686532644,20.6896253278,21.306594865,9.69783026294,14.8669130903,19.0895532372,19.5790811228,16.1894243786,-2.39079060861,13.9584588321,18.7636075517,6.73523965882,18.3202792306,20.7299188924,19.0832108059,9.908005796,10.1940748839,16.9110443724,17.0957864206,18.1948962941
-8.24183561412,15.6428248851,17.45004934,12.0380610619,7.48524043906,17.2690136569,18.9942170269,12.1570054528,15.1592658175,19.0792169131,19.7333656125,15.6068175907,-4.58942124625,12.3143683243,14.3018433688,11.4882927057,6.33193559381,15.38412634,17.0490882063,12.2004549924,13.7886979167,17.4962101567,17.624419792,16.4653238347
15.1714841856,15.479492575,11.1126157468,10.3330136021,18.4645847514,16.2090719114,14.0561036264,16.9233711486,19.6149834708,17.7646607085,17.5156017762,9.82360292862,12.5469231936,12.0617528015,9.85083845477,6.83730328869,17.2773251715,14.5074149846,12.4723985815,10.0900509895,18.2925669785,16.1256489338,15.4750426746,13.5498637392
20.2688378131,22.4907382185,15.4432719369,16.4077582131,21.9802937585,20.9167435362,22.28502028,23.1315688615,22.1110602285,21.7416953415,22.1933294423,19.8042600762,17.1141341692,20.4511556023,16.3650568246,16.1226871385,20.6292748938,19.2798104638,22.6914950762,25.2659226015,21.3063729731,20.3264806608,22.4269807008,20.8071904725
19.9466697586,14.8880355067,14.8295871229,18.4928467543,20.8708197414,16.7786663021,22.4438384143,22.569232785,21.254879465,22.936879665,21.4914130829,18.0441902343,23.3579005579,16.9423960355,16.4966193457,18.1828303893,22.0694598143,17.3301997754,21.8301860446,23.4242134746,22.4273055338,22.1318675523,23.2843569169,22.5991285615
-5.29168284484,16.0282315451,16.8824162333,14.2932983226,21.0594500984,14.4049966299,24.4055616326,23.0983450516,21.9326024868,23.05098693,15.1115698547,5.15662668268,-6.86139454853,16.7520016718,14.1441774115,14.4329155783,21.2951109706,13.4244472307,21.6510019664,22.7980110833,22.2306548867,22.6184021039,18.8573838406,3.83624711528
20.4442031687,21.67740066,12.9429467151,18.3795109586,22.74111069,16.9296273669,13.61632371,24.4149080908,23.0894528223,23.2395788462,23.5823621277,18.5950913883,12.2043871004,20.98952512,12.8367401605,16.4373825477,20.6590351392,20.7352472638,11.8017679262,20.7300590331,25.06011976,22.4204869492,23.5321565385,22.5870495854
-6.98687222006,8.86737453169,21.3428387744,18.1897093252,15.3833067669,17.021019765,19.8427778019,18.2999794825,14.4072081912,8.08929388681,7.52510215969,9.34122350831,-5.52004088331,6.9569957695,18.4115504494,17.5529843067,16.3646646537,19.33983915,21.2165643369,18.8572501807,18.4495758507,11.1282524818,9.86904369313,11.3729784713
12.7708168577,17.0783767508,15.6837672746,13.5112572058,18.8566539862,16.5587920577,21.1021900185,20.3864373377,12.3857411749,9.69941068562,10.0214366312,10.0584858791,13.9718814046,16.1225471069,12.8405484392,12.198243415,18.4665966908,17.5986945408,20.8978304383,20.19091226,16.2854810833,11.4720447833,11.4032382325,13.02309622
-4.487857585,6.39092197221,18.2218862243,16.624328693,16.5337773864,18.0575847071,20.4659020879,17.4755713343,13.1479552071,10.1940252476,9.494679419,12.6895427669,-0.396053641214,6.66451381657,16.9118540021,17.5046308486,17.8983494379,19.3105741164,21.0630032729,18.7386472943,14.8408642931,12.25111806,10.7289947177,14.0937076262
10.5503039598,16.9531896002,22.1127411525,10.8732445566,15.3713354117,16.8254943883,21.8090888,22.8101824583,14.5321485942,10.2259695757,9.96136298483,8.91475177475,11.5942734058,15.5658973908,19.5248363036,11.4543727542,16.3029808609,17.1669660736,20.4812133645,22.8358267755,19.4791227727,12.7493623982,10.8282088257,10.8840197675
13.1461903983,18.2242227762,17.6864178656,16.7134979837,17.4767402169,20.3677502638,19.9216634556,16.5010214056,13.8388693531,14.7634807981,15.093074884,11.432685022,11.5049466985,16.8536981127,14.7301301047,14.247989332,16.0780509687,19.6236251513,17.02861363,17.616993964,12.5540696913,12.336880776,13.8772152127,14.2787961267
2.66442668956,13.5642276669,19.2564614456,15.5766258378,14.1375243719,16.1559321069,19.1548419569,16.6526504819,15.4891861013,11.6742224437,12.1085863542,12.6360349786,-2.05169930906,11.7917480491,18.6629391981,13.3603183781,13.9936711294,15.1509105475,18.419898176,15.8349394747,15.4652260267,11.7431361713,11.4521996132,14.457336222
13.73160724,8.08480680961,13.3730986728,17.8784696244,11.3335370508,13.7712734989,18.9348495756,18.00175769,17.1188606617,13.7418779928,14.5063818483,17.2632832472,12.4433909122,4.24484851111,12.086497965,18.4038842482,10.3007075626,13.0596949771,16.5233496253,16.7428166112,17.0784981912,13.3597204735,11.8342082945,14.9503245912
-0.282967863176,6.85490087953,16.0822354006,10.5958713175,12.5833209653,15.0781438224,16.9312714494,15.0817707612,12.8568512429,12.0956336359,14.6214830029,11.6727051155,2.39635222506,10.7182500174,17.5568234844,12.3120149062,13.5727597049,16.6065142481,18.9345572294,16.7037636725,14.8670082087,12.5686160075,14.6947880744,14.4557387962
-12.425288892,-4.73795280553,19.6200808227,19.3443873601,10.9883922943,19.3938514379,18.591194995,9.76817755236,17.0460865357,16.1643523014,16.3287438993,14.3189984399,-11.3704541449,-10.7932889613,18.0251125143,20.98985382,10.4105715886,18.3769850386,19.9089945671,12.7071474064,13.8822909969,16.6368584914,16.2825231143,17.4604108471
-13.9805426746,-1.2341185046,19.8334386793,18.5293806552,11.7920219625,19.3661947343,18.1186645643,9.72805392043,17.3006374964,16.078647265,16.5941008579,15.2163261787,-12.3314050512,-8.57083114157,18.9344359714,20.7953748371,10.1394092507,18.6505624,20.0670930843,11.4475929349,14.8966622136,16.4729956029,16.3322286486,17.1799078821
-12.7837551821,0.544459339143,19.8263278207,19.3750112389,13.2291280837,19.7955868093,18.7463452924,10.3074568896,17.4997550585,15.2756557992,16.1894916115,10.9391855962,-12.7539311977,-1.22564231592,19.1557005915,20.4642821431,12.2649255298,17.9879026446,21.7623276662,11.5804188029,15.6146043725,15.4743814662,15.4609757369,17.2203484323
-11.0127723046,0.739344689071,19.5943169686,20.2464219338,8.24854860438,19.6270045654,20.9218703038,9.94396717677,14.1347178768,14.6823799808,15.0480782208,13.7695205171,-9.87323916431,-6.56531841354,18.4812348292,20.9190635308,9.60811428992,17.7078643408,20.5765951885,15.0876024986,10.9816709173,15.1156536185,14.7059779162,15.4943615362
15.283741694,16.399832307,13.326644536,14.963738089,18.760430719,18.488868714,16.419359281,12.0156774422,11.31072291,13.0532376308,10.1982915799,10.9627285213,13.2624129356,15.9052660033,11.812754462,12.3805731756,15.24932538,17.9572195844,17.6985559611,12.0398535622,8.85644101433,9.29753496,8.82872556878,8.75946808478
12.6764316673,15.2864960764,12.7185273645,14.7354198018,18.0366869455,18.349169698,16.21268248,15.699004687,15.520892525,12.112215821,11.1023607407,10.368475534,10.7798038524,15.070850117,11.544656504,12.518651806,15.151827189,18.884432336,17.609514348,12.378860811,12.753840737,11.3650346213,8.2416840214,9.8747944098
-1.23712073283,11.3010366709,14.4151565167,11.088133962,14.7812827608,18.4473897517,17.5029244125,14.3382496258,14.5132608408,8.3349888895,9.43597496883,10.8060212882,2.31108686492,12.8169150762,15.0970529333,12.5600937342,15.4739881208,18.6806139942,19.2083567658,16.6509934109,17.7591480836,11.7652469375,10.954839329,13.6398281073
-4.19504434915,14.6882194615,16.5121059823,11.6347485169,13.7214566169,16.7402268708,17.1593389631,13.6671635369,12.1700497147,9.79612594142,11.2264463082,4.52652910275,-5.13292074825,12.91453824,16.843544595,10.6357025965,10.8068381133,16.6930213892,15.7278769192,14.3844146683,10.5499681324,8.36391320933,7.03184420633,10.8901931951
12.4151173192,15.5693710592,14.3566632178,18.0327676638,21.34044452,21.6213452477,15.3776700831,17.5024728838,12.9669235663,11.7427266946,14.4786815346,16.8553584862,12.109086243,14.5280107008,12.1157614015,16.0228495846,16.9646400485,19.7160309446,16.1485162069,18.9052483208,15.4025107316,13.5751297923,15.8539656215,17.5020138246
-7.31132521783,13.7419796267,19.3063014108,14.2316373662,19.6474010408,22.6607224033,22.4515088633,14.2310244538,15.1329115367,15.8267988867,14.760285755,15.5903351652,-2.32312424808,11.919112957,15.2630961567,11.5074554903,17.3818296342,22.3675045192,20.81577989,9.49670009342,12.5729925383,14.3560654136,13.4321960773,15.9151597218
5.55498440462,11.4553966425,19.2512380508,14.5582368354,17.1482116315,19.7183140131,17.3808922962,15.9849018285,16.4398977731,14.7469967646,14.2862848485,11.7440672956,-0.159402363077,10.2433870971,21.1873039162,13.2274821778,17.141571575,21.6127930617,17.7277651553,13.4817760241,15.7167672958,12.6476829183,13.7855915775,14.2869970267
8.53106556517,19.0980026767,15.5610119967,18.5117138608,20.8651980292,15.858492255,16.1772201825,14.0612263258,13.5300916258,13.9488233833,14.6362751358,9.98061217492,13.2389468977,20.2955979,15.9918313792,20.0940689955,18.27646469,13.5662483845,12.4786179244,14.85158139,15.6242433164,13.6601055164,13.9253606264,14.2872809709
-6.3311528305,8.02446130886,14.5555141457,15.1076521271,14.6584901219,17.6494438736,16.7639429616,16.881612725,18.1526950029,17.6510153164,15.2838885157,7.78992097815,-4.85602153854,9.20364600308,14.2153241377,16.3011544823,13.8713292147,17.4281060969,17.8755871623,14.5890456023,17.3330283954,17.3556428338,16.9037813177,14.0023859823
1.42031037786,2.835275179,14.7251802086,14.2264639999,14.3206428032,18.1142379664,14.2678828491,13.6308895021,16.6306662929,16.2548593757,16.1687840764,10.6533101944,-0.415944224143,3.79325950571,15.1876969393,14.6231597635,13.234007069,17.6425693215,16.1271030304,11.7918988746,16.6705288269,16.6826150469,17.0182772138,14.3780056512
-7.66784743779,6.18024578429,14.4373557993,10.1011077415,15.7189333886,17.5664084815,13.3234973258,14.2333728442,15.3781391977,14.8192696415,14.1525167477,8.35454553823,-5.67974158985,4.50936373392,14.0999216123,15.1826171262,14.1895663317,17.5894965454,16.0553120238,11.5921461426,16.7994015915,15.8844600031,16.5940347746,13.6934817856
-6.01988660636,11.5832875401,15.2660529521,13.1739859825,16.4827099669,18.2870017346,16.3460379131,17.0738840523,18.2166515554,17.9425059392,15.77561455,10.1674961372,-4.88044516815,9.12564933023,14.2532296862,16.3169105631,13.8120621434,17.4073877285,17.9230013862,14.6253629577,17.4073172023,17.3856029915,16.9249172254,14.0573864669
17.8673179408,15.1852554587,14.9774962577,17.1948531785,19.2445849846,13.2987881846,18.8184268575,20.5798728646,19.3848699523,19.8035765408,19.3241207731,14.1902975658,18.8113961958,15.0511575461,13.4969787025,15.784227965,19.1220230742,15.076275955,16.0394770401,22.67792403,20.3811802567,19.10862902,19.6771735092,18.8419620892
15.8342576517,18.9705954725,8.81815399433,16.69749339,18.911458155,20.025621195,18.509980955,23.0147719717,21.7501318233,19.0407679475,18.7383962667,14.190673964,15.70978279,20.1605343008,7.24884174533,15.1389732533,17.6974359392,20.4133345533,19.1970868091,24.58601501,21.4955961855,18.6393169045,18.0949405645,18.3884963273
15.1156219233,19.9623487067,7.51876430375,14.9721821517,17.56541709,20.3828497558,18.7657880167,23.798318665,21.3190638258,18.41413895,18.2115394867,15.9560837517,12.8582778417,18.7516527258,9.75004682908,16.0723615908,18.1429984558,20.0569305817,17.3311755,22.5408695,22.4436171075,19.5066250208,18.8317461255,18.1320254509
17.6086055785,16.0757045818,13.3831165769,16.0011052623,19.5687697354,13.1091450784,19.5205644056,21.53798374,19.4018919,19.2213417508,19.6832039758,15.6706082492,18.0130579483,15.4148036859,14.6191593525,16.6334466358,19.3617788067,15.7620657783,14.0493612205,22.0069814692,19.6139463717,19.33855092,19.892001055,18.5474068175
10.3351976438,18.46730512,21.8150090925,20.1733306108,19.5071533667,21.27987558,24.5701865175,26.7436978458,24.755988545,23.6923664417,22.6976732417,17.3891404244,7.96925784842,15.9742369892,18.867055175,19.0911364233,17.30915018,17.952622255,21.917847445,24.44259771,22.5957744392,21.3894975936,20.7301210391,20.4267524455
16.0874948564,23.2937338036,22.3676174,16.5540717255,17.0030495091,18.4065346727,19.6530087036,16.7799609582,20.4851071945,19.7010897427,20.1121678755,18.43065186,18.5785114155,25.7944326064,24.3473690873,19.6048277982,20.1367800418,21.0106987464,21.8312537382,20.270997098,22.392104665,23.964978058,22.967623774,22.417835909
16.2477779664,23.2638323136,18.7771193027,14.17279916,16.0275855855,20.8837295918,19.0390678882,17.5045696009,20.6460460136,19.6494873236,19.3954237982,16.2433276075,17.9619254209,26.2120948309,22.0787031045,15.8007793373,18.9410806309,22.852553592,20.939481691,19.42546878,25.21179414,22.858264548,23.338353613,21.89220037
19.060230919,28.041050885,23.239606737,21.761342321,22.964997698,25.053412092,22.638841425,23.970848832,23.296999941,23.753268511,21.439429798,13.4725723019,19.5935163456,25.22279634,20.68712594,18.0209071944,19.56635421,21.7975251967,20.3405132911,21.85969199,22.4029763867,20.6494424511,20.9253432189,18.5743971344
-3.98079415707,5.24725518357,17.7568658071,11.0682057679,15.6368853441,18.19856612,15.1447753674,14.1147458579,17.2919740557,15.3438342293,15.2495068143,8.77366261271,-10.7528741172,4.78061823146,18.7995726546,10.6800605841,13.1602495908,17.4199659585,19.4195769992,11.3508133566,17.8482297085,13.6909871862,13.8344792377,15.0287711715
-9.27315874336,10.9354921283,19.6879908021,5.66002381807,13.9466165486,19.1529461293,15.8959722243,14.7422728642,16.0922476162,14.8198034046,14.7235475731,8.82362864423,-4.88776893846,11.9697469116,18.4864580754,12.8637762612,8.41980358685,17.9292244262,18.7156167877,11.2170117586,17.9262479277,16.5840425577,16.3953275462,13.891453851
-9.05086242921,5.34723060207,19.8077047186,11.5089278821,8.29627308364,16.3956559857,18.34650952,10.6665890499,18.2051776279,14.8265806257,14.067328625,10.3861279681,-3.19653722757,7.08538121993,18.0021006143,12.935382785,10.2448120717,17.1326110464,17.2818020962,9.98282081254,17.6346751554,16.1431290731,15.7301124908,13.0948375262
-10.1296880386,8.88276073129,19.5681676,8.74918746892,12.4232986546,16.4312133731,19.3348377446,10.5112191415,16.0422934169,14.51627992,14.7171209162,14.4778462385,-4.94972537808,6.22285834008,17.2941456185,15.9781758827,7.63493079777,17.9688288992,18.9567534438,11.6207830934,14.5888653782,16.3830189646,15.7716636292,15.1690130831
