12.3672220182,10.6161460023,2.27370494507,10.1191943356,12.6018123653,15.4455109873,13.4912666748,11.6499123509,1.52024512733,6.00064025653,10.6868989644,16.2785198787
13.8285753429,11.9370676635,3.71800270906,8.95004699035,9.87261281975,13.4526609961,14.3722914943,12.1933926819,3.94953629856,5.05935549919,6.79884769844,14.7670715369
14.2504563228,9.49220934456,1.48762019978,10.3311178782,14.3135930606,13.5779165111,14.5370412039,10.6113471422,3.63510495459,11.2581830034,13.0688566762,14.3423692641
10.9440312816,12.741023649,6.480896113,8.41654205486,11.8468991364,13.1334658255,9.02705050171,13.8176839952,8.60533081933,9.26614204457,11.9992364999,13.4413601236
20.9672294468,18.6200031811,7.99330898805,4.27452077274,19.2169248216,17.6007961274,20.8757100884,20.7803951879,13.6521076127,6.10307967194,19.2660332347,18.5684647883
16.7766658895,17.7442878485,9.07483942125,6.17169327775,16.3310308405,12.9194546875,14.9478626905,17.967295542,13.3897007971,7.0596383772,17.3064613124,12.3155172362
20.7867907015,18.561566357,9.06162791335,2.30800508615,18.229097825,15.7101425955,19.542419446,21.2133043047,14.2245975407,3.98472724711,20.1575988943,18.1910676395
20.2014903844,17.8725452517,10.2697180277,4.19413123689,18.0642470328,16.2305366794,19.4967859735,17.8256140424,15.0135611828,6.72766370118,17.8348471074,17.4419654729
21.5809505167,17.660951057,6.59659384419,18.0059636346,17.956140659,19.638542203,22.7208046315,19.9771949345,6.71042238875,15.6209822237,18.039384792,22.13787563
22.4883866996,22.516374543,5.19901647913,12.7505694583,21.1640818041,21.4853976559,22.9282017305,24.2382479627,7.53610221695,9.49924413741,21.0569700395,23.2170711614
21.7905488173,22.9208361641,9.02745096141,11.4839505188,18.8650493827,23.4290479795,23.0224179518,24.7715651773,9.85886942332,10.8995183613,17.6858792205,22.7289722329
18.9881669196,20.8448282923,7.36506602788,13.0983293317,18.7442981842,16.7490417415,15.371965933,20.4798009162,9.39919903242,11.3197938803,18.1200762104,16.5569379335
16.498755824,13.1918795745,12.3425140801,6.93036007055,14.59783267,15.3914783105,16.2763717305,12.0490458885,10.1624595374,2.65514278263,13.0175590937,14.8883508884
16.690653625,14.4640864444,12.5402027309,11.4653747707,15.8672291556,17.1541187918,15.7776348114,11.7267798192,11.4823400338,5.53898083171,13.9066282129,14.8593875871
15.4805742061,13.1800924727,13.5086794931,6.85739254511,11.7823568574,13.9793865425,18.2581911659,14.6646224088,17.1787777559,9.60590728124,15.2111022835,15.6034963788
14.7953255528,11.3197385923,10.6579825698,3.35332352811,11.6433908557,12.9727250384,13.7435049152,13.1909747706,12.720802774,7.99342993956,12.513340893,14.0649329844
13.3135034276,11.4896873887,10.8875343576,13.240274574,15.1804374288,16.2730038812,12.9523130303,10.1602773321,10.0071066333,9.09704195519,12.9956078819,15.0161855494
16.22451463,12.7998243039,11.5487942684,13.1982881554,16.7269319956,17.309876615,15.2984999456,11.8841740388,11.0460723582,11.6251124949,15.4984540635,17.1907453024
16.01884056,12.9686629068,8.86844385695,12.8961442002,14.8506548489,16.2296110132,16.8766582705,14.1338410367,11.7164919157,14.1849931661,15.4961659667,17.9631666156
11.8858619581,8.90859405153,9.57764073216,10.423618468,13.5670407374,15.12164002,12.3233394557,8.43625007217,8.44256204983,8.28956791244,13.0692244006,14.76688266
14.6237996637,10.8455718085,6.92776629658,3.95562366858,15.6461879742,15.5827639456,14.7859409357,10.6500461111,8.45201598617,0.668393076667,16.4928824044,15.9306249956
16.4220962637,13.8311097995,5.71682306037,9.96511494005,15.5007772763,16.0126791706,16.4473926663,13.6630256379,7.14362910622,7.30652661467,15.6858216617,17.5524367156
15.2623184028,15.2444294761,3.10251986161,7.61866685133,16.2991730017,16.479427875,15.5138301356,14.9196644444,5.54620246222,4.15475288482,17.1317302594,16.9076560729
17.2577105024,14.5688289953,9.49236797669,0.262191588063,16.5553701687,16.9364547044,17.86112657,14.3411180938,13.6700946997,-1.053532489,13.2173045549,16.8002336694
11.5291426055,10.9292091708,10.3205232308,12.946204208,12.86612126,13.8928459871,10.2465028169,8.87132098214,7.07746824771,10.7465437333,10.6708589264,11.4343148463
10.0249233943,8.92674766047,4.67441701207,10.9891213792,11.0993740023,11.2826296787,13.4913425607,10.8814068791,8.5917537348,12.2209329646,13.6468974607,12.572393264
10.8477008484,10.8241791227,10.7664191394,12.9238479163,11.6220066312,12.8307891202,8.56077212887,8.97672871593,7.32945404047,10.8611162405,9.95116153827,10.3098427781
10.8921487993,10.2029336137,8.9887934526,10.4995391705,10.8122583024,13.1237341458,13.8109918829,12.3479559464,10.6958021796,12.8371624107,12.7002642986,12.83979899
17.2671375382,12.0506575135,13.0738465585,14.8979243753,16.5649322959,20.7059092347,17.13567728,10.9818478259,13.8008823612,14.0666454935,14.615232335,18.6721772144
12.15883946,12.09513902,8.23096549122,12.4015190062,13.7766207228,15.0192638562,14.0807460756,12.4187703411,7.15066224233,10.9899104268,13.2693917283,18.5808618
16.5715774867,13.6770350639,9.72498980789,11.5572642188,15.1974104376,16.3984559912,17.6709912571,14.4630915306,11.9013030043,10.1737503099,15.7889919671,19.9918945459
14.0941307867,12.5735634573,11.7820274167,14.0035126704,16.500397978,18.2390107899,14.1891028655,10.8220728641,13.0856251828,12.9757135123,14.3927401014,15.5204062371
15.7454356953,16.2250484112,4.85148699965,7.90630352841,17.7275452229,13.4506146193,14.6015332262,15.0002195894,8.2354057725,5.17113272294,17.6008776075,15.2362349532
12.1331112221,14.2994012521,4.57586552629,5.06466812021,17.0627035507,12.7737634812,10.2908671354,12.9830087143,7.12789249236,5.15649710271,16.4107124221,13.985821634
12.4747104847,14.2055049675,6.08099586644,10.4927929954,19.2372278263,12.1982049079,10.6473809556,12.2489691831,7.76907974687,8.473031935,18.464219532,13.9353887727
11.9784402536,14.327458355,4.8761283545,4.659071881,17.1030106614,13.0489260252,9.93914240171,12.8820431171,7.42256451136,5.14493542221,15.9189315994,14.1961659986
20.1961022015,21.0492784665,10.3786498522,19.4613222675,20.78179414,19.593966363,19.8544683945,20.3531130715,8.79253461821,17.0822229626,20.1762038816,22.4867754868
20.9104833114,22.0718184348,7.57985566962,16.8321497435,22.0244388486,19.876088122,20.62491319,22.2495670835,12.1905070887,14.6038877457,20.968440904,19.852928839
20.585252549,21.1538891295,7.7488555621,19.3236171545,21.3751447055,18.7068182305,19.990055532,21.131048485,8.3781715364,14.8902797866,20.7806259615,21.6240030085
20.3682967922,20.7344388589,15.4242193292,11.0814322503,19.4900859144,21.7925358422,19.5633523867,20.7694952961,17.454684056,10.4874080176,19.8236861006,21.7411369018
21.0529164356,20.96165162,21.9479379472,18.0681725211,21.146434845,21.2123479964,23.9585287839,22.8289612689,24.0999660956,18.0242796812,23.6964137341,23.9428212694
22.9390857632,22.5779933705,22.8064809884,14.7984880037,25.4856847189,23.3391556553,19.1668674384,21.9810531579,22.1022038679,14.1871580295,22.4411517095,21.3042001663
20.2011813119,21.30380636,15.0759995283,10.6886593154,20.0091492931,12.5583649319,18.2016646993,19.1193650133,15.0210291769,6.251695389,16.7440522127,13.2889444895
26.2590297413,23.2732504238,20.2279869944,21.5789249656,21.3866923494,17.2991187269,24.6756077825,22.2001228373,21.3569004773,20.719712018,20.1602892887,19.233120898
17.1583791532,14.1893229895,3.01607239205,12.1867677505,18.95307434,15.2541577098,16.2404116042,14.2886749616,2.00028592932,7.72020140684,18.241874665,18.9063936556
17.7657605756,14.0201038556,3.41146305183,10.2235391422,18.3724127067,14.6774671873,16.6897111675,15.7461191994,2.50920866711,5.93289072244,17.8823269867,18.0323254976
17.2526536805,14.178003598,5.5636628825,12.3116578862,17.866429602,13.3505161169,16.098899031,15.6156018895,5.20572690815,8.52551366,17.761563459,17.3725856925
14.758471879,12.6573689609,0.6582849252,13.2994070017,18.88238155,14.1253382293,15.373512421,13.864403009,3.18180326721,10.6100163613,18.0182549995,14.3894688547
